0 0.831381 0.313583 0.073819 0.074371
1 0.267929 0.271813 0.061060 0.060593
1 0.885370 0.660007 0.065130 0.059121
1 0.901462 0.152264 0.137637 0.084318
1 0.691519 0.027807 0.062681 0.053548
1 0.576850 0.582431 0.059327 0.061713
0 0.646904 0.552527 0.073420 0.064017
1 0.934652 0.888526 0.076586 0.068768
1 0.184228 0.912543 0.052201 0.056463
1 0.570152 0.066203 0.068619 0.060468
1 0.230573 0.953704 0.066968 0.077658
0 0.611739 0.417319 0.063828 0.051575
1 0.336080 0.961530 0.050485 0.057818
1 0.547463 0.243402 0.056741 0.060072
0 0.963861 0.296718 0.059690 0.055197
1 0.102579 0.699943 0.068630 0.045281
1 0.877823 0.525047 0.053713 0.054231
1 0.764514 0.293202 0.058577 0.053395
1 0.901830 0.466256 0.058321 0.047675
1 0.460328 0.560265 0.059834 0.054945
1 0.032572 0.168649 0.051100 0.059470
0 0.954660 0.236546 0.057769 0.058566
1 0.747968 0.938572 0.057721 0.043884
0 0.401094 0.409606 0.070881 0.070573
1 0.724615 0.206030 0.054387 0.042840
1 0.905958 0.312834 0.057865 0.055113
1 0.952749 0.076002 0.094503 0.073254
1 0.439936 0.128007 0.049572 0.055932
0 0.868751 0.718609 0.072904 0.064886
1 0.809023 0.978096 0.071992 0.043807
1 0.289485 0.871290 0.049778 0.051939
1 0.445689 0.187156 0.044217 0.045118
1 0.938919 0.579640 0.053106 0.057981
1 0.621601 0.164354 0.060097 0.055689
1 0.926037 0.198100 0.079706 0.058698
0 0.797959 0.773024 0.088372 0.078776
1 0.682827 0.248572 0.073906 0.072197
1 0.109131 0.568258 0.068579 0.053720
1 0.055700 0.741423 0.047591 0.050733
1 0.415187 0.259855 0.046761 0.044103
1 0.634765 0.781670 0.057860 0.052273
0 0.327570 0.635865 0.084872 0.070337
1 0.637009 0.657645 0.071086 0.066849
1 0.581732 0.015508 0.055741 0.030872
1 0.396991 0.958102 0.049678 0.079806
0 0.148901 0.971902 0.057309 0.056196
0 0.104308 0.933469 0.069825 0.055459
1 0.278872 0.413150 0.108379 0.081626
1 0.161814 0.086819 0.068007 0.072874
0 0.864384 0.401582 0.067760 0.065244
1 0.833054 0.930801 0.077789 0.060048
1 0.493942 0.715178 0.096048 0.071119
1 0.731010 0.431875 0.091300 0.089032
1 0.232247 0.039236 0.056519 0.052877
1 0.816561 0.113166 0.125484 0.074732
1 0.446997 0.910235 0.074739 0.060022
1 0.175098 0.609805 0.041473 0.063428
1 0.231812 0.229247 0.036277 0.035655
1 0.831106 0.504105 0.045980 0.067899
1 0.016325 0.467319 0.026800 0.026849
1 0.290689 0.052733 0.061421 0.059483
1 0.060556 0.863858 0.090774 0.080834
1 0.120025 0.620618 0.050873 0.045823
1 0.928203 0.940373 0.075260 0.044677
1 0.017978 0.710690 0.035748 0.067726
1 0.963101 0.985587 0.047491 0.028825
1 0.128422 0.435689 0.099902 0.052224
1 0.014708 0.054074 0.029351 0.034682
1 0.602817 0.218530 0.076879 0.057564
1 0.374735 0.326056 0.069995 0.066470
1 0.243150 0.558126 0.065003 0.058052
1 0.515805 0.352212 0.071322 0.062871
1 0.238034 0.076687 0.050767 0.047951
1 0.466684 0.353335 0.159591 0.101883
1 0.306834 0.397797 0.053526 0.052151
1 0.962280 0.372939 0.051579 0.069836
1 0.503942 0.637399 0.039465 0.040454
1 0.395729 0.630689 0.060043 0.067917
1 0.140405 0.837769 0.057372 0.050091
1 0.108022 0.399934 0.127426 0.092594
1 0.039187 0.796931 0.047521 0.040734
1 0.292856 0.989746 0.048767 0.020313
1 0.204155 0.642701 0.097377 0.137733
1 0.017081 0.260069 0.034064 0.106488
1 0.087061 0.779231 0.080905 0.093212
1 0.167322 0.518379 0.054832 0.045421
1 0.985878 0.928381 0.028244 0.030235
0 0.328435 0.178108 0.108497 0.067974
