0 0.458163 0.458329 0.068721 0.085057
0 0.575300 0.151498 0.069917 0.064995
1 0.367302 0.706977 0.063844 0.065915
0 0.455986 0.629912 0.075825 0.066928
1 0.710698 0.569802 0.056819 0.060164
0 0.519494 0.829694 0.084655 0.073602
1 0.796421 0.828608 0.064765 0.051191
1 0.759344 0.973014 0.048445 0.050881
0 0.392132 0.215411 0.073626 0.060598
1 0.683609 0.763548 0.048064 0.060395
1 0.649762 0.970161 0.060959 0.058985
1 0.710572 0.965948 0.054028 0.058538
1 0.611973 0.715435 0.068048 0.069938
1 0.662214 0.620512 0.061906 0.064369
0 0.605499 0.515577 0.082185 0.083909
1 0.981951 0.816555 0.036098 0.048598
1 0.571701 0.943570 0.056955 0.064929
1 0.819575 0.918333 0.087557 0.055902
1 0.749947 0.044902 0.056572 0.040532
1 0.795697 0.955215 0.064103 0.056559
1 0.688945 0.092766 0.072035 0.053006
1 0.932074 0.825592 0.086710 0.070223
1 0.991442 0.864138 0.017117 0.045549
1 0.991111 0.401671 0.017778 0.049880
1 0.950605 0.938395 0.066876 0.060029
1 0.361984 0.958252 0.041386 0.042810
0 0.688349 0.009068 0.069636 0.018137
1 0.980298 0.288346 0.039405 0.047224
1 0.985528 0.778953 0.028944 0.035085
1 0.510165 0.141286 0.078079 0.080195
1 0.338279 0.041274 0.045965 0.034583
0 0.485952 0.565037 0.078431 0.067974
0 0.532357 0.536932 0.079739 0.058824
