0 0.144828 0.677005 0.062595 0.069276
1 0.704308 0.904656 0.062451 0.072199
1 0.809387 0.192213 0.074843 0.088192
0 0.181334 0.391260 0.066794 0.055452
0 0.422111 0.898459 0.081564 0.065591
1 0.223388 0.587821 0.061864 0.059744
1 0.117244 0.093799 0.059438 0.059055
0 0.555048 0.514978 0.063691 0.061067
1 0.773129 0.495989 0.067442 0.063030
1 0.632135 0.129456 0.056180 0.053038
1 0.724572 0.058591 0.051650 0.061242
1 0.854031 0.896070 0.063461 0.067618
0 0.884520 0.531359 0.084977 0.083492
1 0.469816 0.270888 0.052702 0.053686
0 0.426110 0.056378 0.050196 0.047120
1 0.030654 0.349706 0.061302 0.071756
1 0.743842 0.442957 0.088082 0.065193
1 0.303935 0.461160 0.055627 0.056246
0 0.925291 0.615484 0.104536 0.062648
0 0.272602 0.339772 0.067171 0.070590
0 0.517415 0.611859 0.078950 0.065653
0 0.114942 0.174715 0.052084 0.061289
1 0.748978 0.373441 0.067537 0.062595
1 0.072465 0.471484 0.055873 0.071112
1 0.432422 0.680998 0.047951 0.050022
1 0.216436 0.869386 0.061746 0.073744
0 0.554768 0.230350 0.059590 0.060155
0 0.194861 0.956563 0.084719 0.070854
1 0.378095 0.023427 0.046219 0.046630
1 0.306708 0.607111 0.048422 0.036702
1 0.351641 0.871552 0.051448 0.054062
1 0.334096 0.749406 0.071607 0.093853
0 0.509702 0.497542 0.049740 0.060578
0 0.969623 0.301590 0.060755 0.064674
0 0.401335 0.759384 0.071404 0.066225
1 0.442476 0.229162 0.039708 0.039580
0 0.824972 0.973448 0.082342 0.053091
0 0.367767 0.277448 0.077505 0.064930
1 0.371536 0.542411 0.053206 0.055648
1 0.468239 0.652605 0.062946 0.045474
1 0.390483 0.656288 0.046125 0.052239
0 0.568743 0.691997 0.060191 0.061947
1 0.386658 0.706382 0.044066 0.043919
1 0.585737 0.391403 0.062244 0.061751
1 0.581321 0.632560 0.051625 0.049552
0 0.314207 0.085337 0.077845 0.082887
1 0.148053 0.184806 0.047041 0.052281
1 0.143657 0.840715 0.069110 0.066116
1 0.216843 0.236436 0.070522 0.062560
0 0.690609 0.386336 0.081538 0.071858
1 0.442256 0.305151 0.065966 0.051073
0 0.349144 0.959307 0.076348 0.078316
1 0.503885 0.699721 0.084771 0.053391
1 0.371696 0.232856 0.051858 0.039643
1 0.688288 0.829226 0.052402 0.054559
0 0.017578 0.434049 0.035147 0.053968
0 0.885434 0.147711 0.080151 0.056721
0 0.054080 0.640381 0.081230 0.098842
1 0.460141 0.009990 0.051801 0.019977
1 0.972578 0.044244 0.051750 0.056519
1 0.148236 0.989872 0.044000 0.020255
1 0.556711 0.444027 0.080472 0.077383
1 0.469597 0.078721 0.057132 0.078692
1 0.462205 0.578572 0.060596 0.081042
0 0.151740 0.301617 0.052081 0.051659
1 0.419008 0.137040 0.052811 0.044947
1 0.010020 0.830685 0.019964 0.048733
1 0.137515 0.804995 0.086129 0.069018
1 0.406871 0.169609 0.066134 0.042868
1 0.629875 0.007723 0.052837 0.015319
0 0.281491 0.421426 0.073987 0.076177
