1 0.571554 0.582885 0.064598 0.057502
1 0.317174 0.252698 0.079014 0.067557
0 0.750570 0.036749 0.066166 0.071606
1 0.719384 0.956795 0.114050 0.074681
1 0.940249 0.696339 0.058976 0.057422
1 0.504820 0.217828 0.072682 0.087520
0 0.398882 0.861695 0.050633 0.058069
1 0.768095 0.387880 0.052897 0.053643
0 0.804895 0.613116 0.062475 0.058064
1 0.914953 0.560882 0.058999 0.059101
1 0.612331 0.257040 0.068476 0.056604
1 0.740368 0.313007 0.048541 0.048080
1 0.113040 0.958890 0.066573 0.066344
0 0.703011 0.360201 0.068281 0.064142
1 0.965948 0.530629 0.051292 0.056699
1 0.679758 0.829695 0.060049 0.054487
1 0.860680 0.396847 0.071589 0.067413
1 0.790070 0.201742 0.066587 0.077249
1 0.676775 0.563822 0.063419 0.053314
1 0.720874 0.776896 0.070383 0.051776
1 0.939220 0.434958 0.061262 0.074047
1 0.063690 0.609643 0.068907 0.052656
0 0.718632 0.469391 0.091626 0.074891
1 0.463145 0.923098 0.078146 0.052566
1 0.520760 0.743888 0.061577 0.047487
1 0.642508 0.398897 0.063839 0.052480
1 0.242123 0.371716 0.058087 0.046314
0 0.661797 0.051463 0.066700 0.069290
0 0.815018 0.556418 0.062070 0.053131
1 0.223856 0.854998 0.055822 0.054847
1 0.405220 0.513039 0.078120 0.072794
0 0.332831 0.064049 0.063828 0.067123
1 0.861822 0.943602 0.083453 0.080305
1 0.393532 0.619923 0.044670 0.049397
1 0.428044 0.760767 0.078400 0.072260
1 0.473002 0.363918 0.052151 0.060426
0 0.803095 0.729606 0.073363 0.077882
0 0.581112 0.769216 0.083171 0.082152
0 0.844290 0.662937 0.072895 0.071292
1 0.335009 0.855837 0.083444 0.072878
1 0.105416 0.122735 0.058449 0.058360
1 0.070309 0.218275 0.074380 0.048644
0 0.133875 0.846634 0.068172 0.065413
0 0.381923 0.163078 0.052813 0.056525
1 0.288145 0.602596 0.060483 0.085311
1 0.131651 0.168500 0.056958 0.054571
1 0.494581 0.050426 0.070744 0.053717
1 0.981509 0.763045 0.036981 0.042792
1 0.298253 0.940862 0.087615 0.074698
1 0.970144 0.367956 0.030883 0.028093
0 0.164958 0.890121 0.064577 0.065178
1 0.531787 0.641707 0.055257 0.058068
0 0.931938 0.017524 0.085203 0.035048
1 0.956937 0.336216 0.040096 0.045153
1 0.058408 0.176257 0.067322 0.059561
1 0.225881 0.408282 0.041561 0.045270
1 0.367571 0.015320 0.055636 0.030639
1 0.147116 0.057164 0.079175 0.070915
0 0.331365 0.691939 0.052075 0.081380
1 0.568839 0.965137 0.089346 0.067317
1 0.078855 0.478561 0.060379 0.032288
1 0.340776 0.992121 0.052224 0.015758
1 0.333612 0.763986 0.057371 0.042268
1 0.989250 0.043020 0.021501 0.063895
1 0.786012 0.677040 0.055858 0.040317
1 0.624341 0.802444 0.056510 0.052441
1 0.344452 0.118253 0.060613 0.044477
0 0.527594 0.321104 0.070464 0.073926
1 0.605000 0.063284 0.041612 0.049474
0 0.368323 0.732206 0.056550 0.054932
1 0.976702 0.298668 0.045434 0.042224
