0 0.187194 0.032781 0.066589 0.065481
1 0.675447 0.402176 0.055233 0.050763
0 0.620110 0.691582 0.068302 0.069832
0 0.946646 0.870240 0.067805 0.063010
1 0.395049 0.082120 0.069942 0.057403
1 0.085511 0.390419 0.059735 0.055431
0 0.079395 0.696814 0.070108 0.059147
1 0.625450 0.459189 0.050501 0.044355
1 0.357292 0.373038 0.066043 0.055911
0 0.416693 0.661456 0.069129 0.070776
0 0.065331 0.830519 0.061772 0.049104
1 0.834075 0.427370 0.050349 0.049414
1 0.437299 0.784675 0.053926 0.053298
1 0.039756 0.350002 0.054732 0.044164
0 0.537807 0.124715 0.064400 0.061311
1 0.647945 0.844336 0.086812 0.078354
0 0.289673 0.430028 0.070856 0.075065
1 0.540549 0.213793 0.101729 0.057800
1 0.493871 0.731499 0.066119 0.050916
1 0.470795 0.406648 0.039299 0.044854
0 0.157758 0.267648 0.077247 0.059019
1 0.930409 0.082952 0.076740 0.083747
1 0.897345 0.848230 0.051727 0.063995
1 0.890803 0.659081 0.055177 0.048383
1 0.525152 0.323450 0.059564 0.057300
1 0.604169 0.418456 0.058083 0.048779
1 0.584320 0.371019 0.050851 0.050269
0 0.028147 0.771654 0.056294 0.068350
1 0.904596 0.947152 0.061595 0.071017
1 0.834030 0.952350 0.078048 0.087464
1 0.815226 0.510444 0.047876 0.048906
1 0.086371 0.638501 0.058221 0.053775
1 0.205287 0.846917 0.082525 0.069516
0 0.924234 0.456138 0.069520 0.047162
0 0.205918 0.613009 0.069305 0.065777
0 0.026464 0.405165 0.052929 0.053252
1 0.361113 0.795779 0.090974 0.060561
1 0.911006 0.498553 0.057505 0.046655
1 0.948908 0.714159 0.054817 0.062866
0 0.921097 0.622704 0.073214 0.057594
1 0.258283 0.779611 0.040686 0.053863
1 0.597259 0.534679 0.059869 0.054940
1 0.363796 0.527447 0.062162 0.044390
1 0.699973 0.120226 0.053044 0.050143
1 0.723527 0.188437 0.050914 0.047852
1 0.754206 0.169243 0.050382 0.054393
1 0.457614 0.630304 0.047347 0.066395
0 0.430582 0.170934 0.058660 0.056002
0 0.138078 0.591780 0.064999 0.063622
1 0.131747 0.831269 0.042983 0.042159
1 0.978270 0.256214 0.043460 0.113422
1 0.929946 0.177547 0.062689 0.076157
1 0.406980 0.983341 0.068047 0.033111
1 0.229355 0.332122 0.043256 0.041956
1 0.570810 0.771263 0.089621 0.059093
1 0.096799 0.564579 0.075993 0.050371
1 0.700469 0.985869 0.067827 0.028263
1 0.401282 0.883589 0.117674 0.098494
1 0.034723 0.627379 0.050893 0.075029
1 0.631815 0.501285 0.048261 0.047344
1 0.019377 0.289505 0.038625 0.049921
1 0.600685 0.009463 0.103008 0.018876
1 0.714779 0.372713 0.033875 0.037092
1 0.040775 0.973207 0.058973 0.053586
1 0.779490 0.581321 0.097732 0.096047
1 0.801787 0.558530 0.058917 0.050468
1 0.843223 0.710261 0.040084 0.033387
1 0.863000 0.993326 0.046276 0.012697
1 0.809226 0.340228 0.060366 0.062979
1 0.111902 0.955826 0.057561 0.060829
0 0.831345 0.338594 0.101060 0.066970
1 0.009481 0.826474 0.019608 0.096732
